RFID	age first scan	age last scan	age first trip	age last trip
00 67 22 06 08 00 12 E0	0	0	NA	NA
01 67 22 06 08 00 12 E0	6	7	6	6
02 67 22 06 08 00 12 E0	1	26	1	25
03 67 22 06 08 00 12 E0	0	7	3	7
04 67 22 06 08 00 12 E0	0	3	2	3
05 67 22 06 08 00 12 E0	7	26	7	26
06 67 22 06 08 00 12 E0	0	2	NA	NA
07 67 22 06 08 00 12 E0	1	9	6	9
08 67 22 06 08 00 12 E0	0	7	NA	NA
09 67 22 06 08 00 12 E0	0	0	0	0
0A 67 22 06 08 00 12 E0	0	18	0	17
0B 67 22 06 08 00 12 E0	0	17	4	17
0D 67 22 06 08 00 12 E0	7	7	NA	NA
0E 67 22 06 08 00 12 E0	0	7	0	7
0F 67 22 06 08 00 12 E0	7	14	7	10
10 67 22 06 08 00 12 E0	1	17	10	17
11 67 22 06 08 00 12 E0	2	14	5	13
12 67 22 06 08 00 12 E0	9	9	NA	NA
13 67 22 06 08 00 12 E0	12	22	13	22
14 67 22 06 08 00 12 E0	2	20	4	20
15 67 22 06 08 00 12 E0	7	7	NA	NA
16 67 22 06 08 00 12 E0	13	13	NA	NA
17 67 22 06 08 00 12 E0	14	43	34	43
18 67 22 06 08 00 12 E0	1	2	2	2
19 67 22 06 08 00 12 E0	0	17	1	17
1A 67 22 06 08 00 12 E0	22	32	30	30
1B 67 22 06 08 00 12 E0	21	47	27	47
1C 67 22 06 08 00 12 E0	5	32	5	29
1D 67 22 06 08 00 12 E0	5	28	12	28
1E 67 22 06 08 00 12 E0	14	23	14	23
1F 67 22 06 08 00 12 E0	21	64	21	64
20 67 22 06 08 00 12 E0	2	30	2	30
21 67 22 06 08 00 12 E0	1	30	4	30
22 67 22 06 08 00 12 E0	14	14	NA	NA
23 67 22 06 08 00 12 E0	15	31	22	30
24 67 22 06 08 00 12 E0	23	35	34	34
25 67 22 06 08 00 12 E0	14	14	NA	NA
26 67 22 06 08 00 12 E0	15	17	NA	NA
27 67 22 06 08 00 12 E0	23	31	23	31
28 67 22 06 08 00 12 E0	14	15	NA	NA
29 67 22 06 08 00 12 E0	14	45	14	45
2A 67 22 06 08 00 12 E0	23	47	23	47
2B 67 22 06 08 00 12 E0	14	16	14	16
2C 67 22 06 08 00 12 E0	15	30	17	30
2D 67 22 06 08 00 12 E0	15	33	15	31
2E 67 22 06 08 00 12 E0	15	26	15	26
2F 67 22 06 08 00 12 E0	22	31	NA	NA
30 67 22 06 08 00 12 E0	12	12	NA	NA
31 67 22 06 08 00 12 E0	21	62	34	62
32 67 22 06 08 00 12 E0	5	9	6	8
33 67 22 06 08 00 12 E0	17	17	NA	NA
34 67 22 06 08 00 12 E0	7	8	NA	NA
35 67 22 06 08 00 12 E0	13	13	NA	NA
36 67 22 06 08 00 12 E0	5	23	11	23
37 67 22 06 08 00 12 E0	14	28	14	28
38 67 22 06 08 00 12 E0	15	45	30	45
39 67 22 06 08 00 12 E0	12	28	12	28
3A 67 22 06 08 00 12 E0	13	33	13	31
3B 67 22 06 08 00 12 E0	5	6	NA	NA
3C 67 22 06 08 00 12 E0	20	22	22	22
3D 67 22 06 08 00 12 E0	14	14	NA	NA
3E 67 22 06 08 00 12 E0	15	16	15	15
3F 67 22 06 08 00 12 E0	15	15	NA	NA
40 67 22 06 08 00 12 E0	22	45	22	45
41 67 22 06 08 00 12 E0	22	31	22	30
49 62 22 06 08 00 12 E0	28	31	28	31
4A 62 22 06 08 00 12 E0	32	35	32	34
4B 62 22 06 08 00 12 E0	29	54	30	54
4C 62 22 06 08 00 12 E0	12	14	NA	NA
4D 62 22 06 08 00 12 E0	30	66	52	66
4E 62 22 06 08 00 12 E0	24	25	NA	NA
4F 62 22 06 08 00 12 E0	34	57	44	56
50 5F 22 06 08 00 12 E0	37	52	37	51
50 62 22 06 08 00 12 E0	36	52	48	52
51 5F 22 06 08 00 12 E0	28	64	44	64
51 62 22 06 08 00 12 E0	30	30	NA	NA
52 62 22 06 08 00 12 E0	29	59	37	59
53 62 22 06 08 00 12 E0	34	43	34	34
54 62 22 06 08 00 12 E0	37	57	52	57
55 62 22 06 08 00 12 E0	29	29	NA	NA
56 62 22 06 08 00 12 E0	28	48	35	46
57 62 22 06 08 00 12 E0	31	31	NA	NA
58 62 22 06 08 00 12 E0	34	53	35	53
58 67 22 06 08 00 12 E0	54	91	91	91
59 62 22 06 08 00 12 E0	29	34	33	34
5A 62 22 06 08 00 12 E0	34	58	34	58
5B 62 22 06 08 00 12 E0	38	42	NA	NA
5C 62 22 06 08 00 12 E0	37	37	NA	NA
5C 67 22 06 08 00 12 E0	6	28	26	26
5D 62 22 06 08 00 12 E0	34	54	34	54
5D 67 22 06 08 00 12 E0	6	6	NA	NA
5E 62 22 06 08 00 12 E0	34	59	44	59
5E 67 22 06 08 00 12 E0	13	19	14	19
5F 62 22 06 08 00 12 E0	36	59	36	59
5F 64 22 06 08 00 12 E0	30	35	33	35
5F 67 22 06 08 00 12 E0	17	20	NA	NA
60 5F 22 06 08 00 12 E0	34	61	34	61
60 62 22 06 08 00 12 E0	34	44	44	44
60 64 22 06 08 00 12 E0	1	1	NA	NA
60 67 22 06 08 00 12 E0	6	6	NA	NA
61 5F 22 06 08 00 12 E0	34	54	34	53
61 64 22 06 08 00 12 E0	6	16	16	16
61 67 22 06 08 00 12 E0	12	12	NA	NA
62 5F 22 06 08 00 12 E0	29	39	33	39
62 62 22 06 08 00 12 E0	23	23	NA	NA
62 64 22 06 08 00 12 E0	12	13	NA	NA
62 67 22 06 08 00 12 E0	15	15	NA	NA
63 5F 22 06 08 00 12 E0	32	46	37	46
63 62 22 06 08 00 12 E0	33	33	33	33
63 64 22 06 08 00 12 E0	6	7	NA	NA
63 67 22 06 08 00 12 E0	7	16	15	16
64 62 22 06 08 00 12 E0	36	54	43	54
64 64 22 06 08 00 12 E0	1	6	1	6
64 67 22 06 08 00 12 E0	8	9	NA	NA
65 62 22 06 08 00 12 E0	35	44	35	44
65 64 22 06 08 00 12 E0	5	29	7	29
65 67 22 06 08 00 12 E0	5	7	NA	NA
66 62 22 06 08 00 12 E0	29	30	NA	NA
66 64 22 06 08 00 12 E0	22	45	22	45
66 67 22 06 08 00 12 E0	15	17	15	17
67 62 22 06 08 00 12 E0	36	56	49	56
67 64 22 06 08 00 12 E0	8	23	13	23
67 67 22 06 08 00 12 E0	7	33	25	31
68 62 22 06 08 00 12 E0	30	57	46	57
68 64 22 06 08 00 12 E0	14	42	17	42
69 62 22 06 08 00 12 E0	30	50	36	49
69 64 22 06 08 00 12 E0	12	15	12	15
6A 64 22 06 08 00 12 E0	14	20	14	20
6C 62 22 06 08 00 12 E0	34	34	NA	NA
6C 67 22 06 08 00 12 E0	80	80	NA	NA
6D 62 22 06 08 00 12 E0	36	47	36	46
6D 67 22 06 08 00 12 E0	17	17	NA	NA
6E 67 22 06 08 00 12 E0	21	32	21	31
6F 67 22 06 08 00 12 E0	13	18	17	18
70 5F 22 06 08 00 12 E0	26	26	NA	NA
70 62 22 06 08 00 12 E0	30	38	32	38
70 64 22 06 08 00 12 E0	6	23	21	23
70 67 22 06 08 00 12 E0	15	15	NA	NA
71 62 22 06 08 00 12 E0	37	60	37	56
71 64 22 06 08 00 12 E0	20	32	29	29
71 67 22 06 08 00 12 E0	15	23	19	23
72 5F 22 06 08 00 12 E0	28	49	46	49
72 64 22 06 08 00 12 E0	15	33	17	33
73 5F 22 06 08 00 12 E0	27	46	27	46
73 64 22 06 08 00 12 E0	15	17	17	17
73 67 22 06 08 00 12 E0	20	33	20	31
74 62 22 06 08 00 12 E0	36	64	36	64
74 67 22 06 08 00 12 E0	7	18	7	18
75 62 22 06 08 00 12 E0	30	61	43	61
75 67 22 06 08 00 12 E0	6	10	7	10
76 64 22 06 08 00 12 E0	15	31	15	31
76 67 22 06 08 00 12 E0	21	34	21	34
77 64 22 06 08 00 12 E0	14	28	15	28
77 67 22 06 08 00 12 E0	15	38	15	38
78 64 22 06 08 00 12 E0	22	53	29	52
79 64 22 06 08 00 12 E0	21	22	NA	NA
7A 64 22 06 08 00 12 E0	9	9	NA	NA
7C 67 22 06 08 00 12 E0	14	26	25	26
7D 67 22 06 08 00 12 E0	21	21	21	21
7E 64 22 06 08 00 12 E0	21	31	21	31
7E 67 22 06 08 00 12 E0	0	17	11	17
7F 64 22 06 08 00 12 E0	19	19	NA	NA
7F 67 22 06 08 00 12 E0	3	12	9	12
80 64 22 06 08 00 12 E0	0	0	0	0
80 67 22 06 08 00 12 E0	13	31	17	31
81 67 22 06 08 00 12 E0	20	33	20	20
82 64 22 06 08 00 12 E0	20	31	29	30
82 67 22 06 08 00 12 E0	5	28	13	28
83 64 22 06 08 00 12 E0	22	22	NA	NA
83 67 22 06 08 00 12 E0	1	3	NA	NA
84 64 22 06 08 00 12 E0	5	26	7	25
84 67 22 06 08 00 12 E0	15	15	NA	NA
85 64 22 06 08 00 12 E0	5	22	5	5
85 67 22 06 08 00 12 E0	14	17	14	17
86 64 22 06 08 00 12 E0	22	49	22	49
86 67 22 06 08 00 12 E0	1	3	NA	NA
87 64 22 06 08 00 12 E0	22	59	32	59
87 67 22 06 08 00 12 E0	1	21	1	21
88 64 22 06 08 00 12 E0	1	3	NA	NA
89 64 22 06 08 00 12 E0	3	3	NA	NA
8D 47 1C 06 08 00 12 E0	0	9	3	9
8D 67 22 06 08 00 12 E0	2	12	4	12
8E 64 22 06 08 00 12 E0	0	29	4	29
8E 67 22 06 08 00 12 E0	2	2	NA	NA
8F 67 22 06 08 00 12 E0	0	0	NA	NA
90 64 22 06 08 00 12 E0	1	14	4	14
90 67 22 06 08 00 12 E0	8	24	8	24
91 64 22 06 08 00 12 E0	2	2	NA	NA
91 67 22 06 08 00 12 E0	3	3	NA	NA
92 65 22 06 08 00 12 E0	29	39	39	39
92 67 22 06 08 00 12 E0	4	13	12	12
93 64 22 06 08 00 12 E0	0	10	2	10
93 65 22 06 08 00 12 E0	31	59	39	59
94 64 22 06 08 00 12 E0	1	18	2	18
94 65 22 06 08 00 12 E0	29	60	47	60
94 67 22 06 08 00 12 E0	1	20	11	20
95 64 22 06 08 00 12 E0	6	6	NA	NA
95 65 22 06 08 00 12 E0	38	51	38	50
96 67 22 06 08 00 12 E0	7	7	NA	NA
97 64 22 06 08 00 12 E0	0	0	NA	NA
97 67 22 06 08 00 12 E0	1	1	NA	NA
98 64 22 06 08 00 12 E0	5	10	5	5
99 64 22 06 08 00 12 E0	1	17	3	17
9C 67 22 06 08 00 12 E0	2	11	4	11
9D 67 22 06 08 00 12 E0	7	29	10	29
9E 64 22 06 08 00 12 E0	2	2	NA	NA
9E 67 22 06 08 00 12 E0	0	11	1	10
9F 67 22 06 08 00 12 E0	5	7	NA	NA
A0 64 22 06 08 00 12 E0	2	20	5	19
A0 67 22 06 08 00 12 E0	0	9	5	9
A1 64 22 06 08 00 12 E0	4	12	5	12
A1 67 22 06 08 00 12 E0	2	3	2	2
A2 64 22 06 08 00 12 E0	0	11	2	11
A2 65 22 06 08 00 12 E0	28	28	NA	NA
A2 67 22 06 08 00 12 E0	5	16	5	13
A3 65 22 06 08 00 12 E0	30	42	32	42
A3 66 22 06 08 00 12 E0	44	67	60	67
A3 67 22 06 08 00 12 E0	15	21	19	21
A4 64 22 06 08 00 12 E0	8	11	NA	NA
A4 65 22 06 08 00 12 E0	37	37	NA	NA
A4 66 22 06 08 00 12 E0	42	64	42	64
A4 67 22 06 08 00 12 E0	17	43	17	43
A5 64 22 06 08 00 12 E0	21	66	21	66
A5 65 22 06 08 00 12 E0	34	43	NA	NA
A5 66 22 06 08 00 12 E0	55	74	74	74
A5 67 22 06 08 00 12 E0	0	19	0	19
A6 64 22 06 08 00 12 E0	1	1	NA	NA
A6 66 22 06 08 00 12 E0	44	63	44	56
A6 67 22 06 08 00 12 E0	2	4	2	3
A7 66 22 06 08 00 12 E0	44	54	49	54
A7 67 22 06 08 00 12 E0	5	15	5	15
A8 64 22 06 08 00 12 E0	1	17	8	17
A8 66 22 06 08 00 12 E0	42	56	53	56
A9 64 22 06 08 00 12 E0	0	20	10	20
A9 66 22 06 08 00 12 E0	42	52	42	52
AA 66 22 06 08 00 12 E0	42	42	NA	NA
AB 66 22 06 08 00 12 E0	43	72	49	72
AC 66 22 06 08 00 12 E0	42	61	49	61
AD 66 22 06 08 00 12 E0	43	69	50	69
AE 62 22 06 08 00 12 E0	28	66	35	66
AE 66 22 06 08 00 12 E0	43	75	70	74
AF 62 22 06 08 00 12 E0	29	35	29	35
AF 66 22 06 08 00 12 E0	43	75	57	74
B0 66 22 06 08 00 12 E0	42	62	50	62
B1 66 22 06 08 00 12 E0	46	57	50	56
B2 62 22 06 08 00 12 E0	32	53	33	53
B2 65 22 06 08 00 12 E0	35	35	NA	NA
B2 66 22 06 08 00 12 E0	43	62	57	61
B3 62 22 06 08 00 12 E0	34	59	40	59
B3 65 22 06 08 00 12 E0	29	65	57	64
B3 66 22 06 08 00 12 E0	52	79	59	74
B4 66 22 06 08 00 12 E0	49	73	49	73
B5 66 22 06 08 00 12 E0	49	87	50	87
B6 62 22 06 08 00 12 E0	28	30	28	30
B6 66 22 06 08 00 12 E0	42	43	NA	NA
B7 62 22 06 08 00 12 E0	32	46	38	46
B7 66 22 06 08 00 12 E0	52	56	52	56
B8 66 22 06 08 00 12 E0	49	78	52	74
B9 66 22 06 08 00 12 E0	50	71	NA	NA
BA 62 22 06 08 00 12 E0	28	32	29	29
BA 66 22 06 08 00 12 E0	43	45	43	44
BB 62 22 06 08 00 12 E0	29	61	29	61
BB 66 22 06 08 00 12 E0	52	66	58	65
BC 66 22 06 08 00 12 E0	49	77	62	74
BD 66 22 06 08 00 12 E0	48	66	48	48
BE 66 22 06 08 00 12 E0	42	49	42	45
BF 62 22 06 08 00 12 E0	36	38	36	37
BF 66 22 06 08 00 12 E0	50	68	50	68
C0 62 22 06 08 00 12 E0	37	53	37	53
C0 66 22 06 08 00 12 E0	49	50	NA	NA
C1 62 22 06 08 00 12 E0	33	54	37	53
C1 66 22 06 08 00 12 E0	51	83	56	83
C2 62 22 06 08 00 12 E0	34	34	NA	NA
C2 66 22 06 08 00 12 E0	42	44	42	42
C3 62 22 06 08 00 12 E0	34	34	NA	NA
C4 62 22 06 08 00 12 E0	35	61	35	61
C5 62 22 06 08 00 12 E0	37	37	NA	NA
C5 64 22 06 08 00 12 E0	22	38	22	27
C5 66 22 06 08 00 12 E0	53	75	53	74
C6 62 22 06 08 00 12 E0	34	44	34	44
C6 66 22 06 08 00 12 E0	49	87	86	87
C7 62 22 06 08 00 12 E0	35	35	NA	NA
C8 62 22 06 08 00 12 E0	36	51	48	51
C9 62 22 06 08 00 12 E0	37	37	NA	NA
C9 66 22 06 08 00 12 E0	50	84	50	84
CA 62 22 06 08 00 12 E0	34	70	49	70
CA 66 22 06 08 00 12 E0	51	51	NA	NA
CB 52 22 06 08 00 12 E0	35	45	35	44
CB 62 22 06 08 00 12 E0	37	40	37	37
CC 52 22 06 08 00 12 E0	8	11	8	8
CC 62 22 06 08 00 12 E0	29	57	33	56
CC 64 22 06 08 00 12 E0	39	49	39	49
CC 66 22 06 08 00 12 E0	53	72	53	72
CD 52 22 06 08 00 12 E0	35	43	35	40
CD 62 22 06 08 00 12 E0	34	46	34	46
CD 66 22 06 08 00 12 E0	50	70	61	70
CD 67 22 06 08 00 12 E0	53	67	62	67
CE 52 22 06 08 00 12 E0	0	19	10	19
CE 62 22 06 08 00 12 E0	31	53	31	51
CE 66 22 06 08 00 12 E0	43	48	NA	NA
CE 67 22 06 08 00 12 E0	50	87	51	87
CF 64 22 06 08 00 12 E0	52	63	58	58
D0 62 22 06 08 00 12 E0	35	35	35	35
D1 62 22 06 08 00 12 E0	29	57	47	57
D1 66 22 06 08 00 12 E0	54	107	93	106
D1 67 22 06 08 00 12 E0	49	51	NA	NA
D2 62 22 06 08 00 12 E0	27	46	40	46
D2 64 22 06 08 00 12 E0	42	71	42	71
D2 66 22 06 08 00 12 E0	50	86	57	86
D2 67 22 06 08 00 12 E0	53	53	NA	NA
D3 62 22 06 08 00 12 E0	31	31	NA	NA
D3 64 22 06 08 00 12 E0	49	49	NA	NA
D4 62 22 06 08 00 12 E0	30	42	30	42
D5 62 22 06 08 00 12 E0	32	32	NA	NA
D5 67 22 06 08 00 12 E0	52	80	80	80
D6 46 1C 06 08 00 12 E0	0	11	0	11
D6 62 22 06 08 00 12 E0	29	35	NA	NA
D6 64 22 06 08 00 12 E0	51	91	84	91
D6 67 22 06 08 00 12 E0	48	68	48	67
D7 62 22 06 08 00 12 E0	28	49	33	49
D7 64 22 06 08 00 12 E0	57	68	NA	NA
D8 62 22 06 08 00 12 E0	28	32	NA	NA
D9 62 22 06 08 00 12 E0	27	27	NA	NA
DA 62 22 06 08 00 12 E0	28	55	28	55
DB 62 22 06 08 00 12 E0	28	59	40	59
DB 64 22 06 08 00 12 E0	50	63	51	63
DC 62 22 06 08 00 12 E0	38	39	NA	NA
DC 64 22 06 08 00 12 E0	50	54	NA	NA
DC 66 22 06 08 00 12 E0	49	80	71	74
DC 67 22 06 08 00 12 E0	49	64	54	64
DD 52 22 06 08 00 12 E0	28	43	28	43
DD 62 22 06 08 00 12 E0	35	62	35	62
DD 67 22 06 08 00 12 E0	50	58	NA	NA
DE 64 22 06 08 00 12 E0	43	43	NA	NA
DE 67 22 06 08 00 12 E0	44	70	48	70
DF 64 22 06 08 00 12 E0	48	48	NA	NA
DF 67 22 06 08 00 12 E0	52	52	NA	NA
E0 64 22 06 08 00 12 E0	48	70	51	70
E0 67 22 06 08 00 12 E0	49	72	56	72
E1 52 22 06 08 00 12 E0	13	46	13	46
E1 64 22 06 08 00 12 E0	49	59	49	59
E1 67 22 06 08 00 12 E0	52	80	58	80
E2 64 22 06 08 00 12 E0	46	46	NA	NA
E2 67 22 06 08 00 12 E0	42	43	NA	NA
E3 64 22 06 08 00 12 E0	49	52	NA	NA
E3 67 22 06 08 00 12 E0	50	71	50	71
E4 64 22 06 08 00 12 E0	49	74	61	74
E4 67 22 06 08 00 12 E0	49	49	NA	NA
E5 64 22 06 08 00 12 E0	49	58	54	58
E5 67 22 06 08 00 12 E0	51	73	51	73
E6 64 22 06 08 00 12 E0	43	60	54	59
E6 67 22 06 08 00 12 E0	44	63	49	63
EB 67 22 06 08 00 12 E0	42	56	49	56
EC 64 22 06 08 00 12 E0	42	59	49	58
EC 67 22 06 08 00 12 E0	43	61	49	61
ED 64 22 06 08 00 12 E0	42	57	50	57
ED 67 22 06 08 00 12 E0	43	62	49	62
EE 67 22 06 08 00 12 E0	42	42	NA	NA
EF 64 22 06 08 00 12 E0	44	69	55	69
EF 67 22 06 08 00 12 E0	43	66	62	66
F0 64 22 06 08 00 12 E0	42	51	42	51
F0 67 22 06 08 00 12 E0	43	68	43	67
F1 64 22 06 08 00 12 E0	43	61	46	61
F1 67 22 06 08 00 12 E0	52	73	68	73
F2 64 22 06 08 00 12 E0	41	61	41	61
F2 66 22 06 08 00 12 E0	3	6	NA	NA
F2 67 22 06 08 00 12 E0	42	67	51	67
F3 64 22 06 08 00 12 E0	43	71	55	71
F3 67 22 06 08 00 12 E0	43	61	58	60
F4 66 22 06 08 00 12 E0	6	12	NA	NA
F4 67 22 06 08 00 12 E0	44	66	49	66
F5 64 22 06 08 00 12 E0	44	77	53	75
F5 67 22 06 08 00 12 E0	42	70	44	70
F6 67 22 06 08 00 12 E0	42	62	50	62
F7 66 22 06 08 00 12 E0	2	2	NA	NA
F8 66 22 06 08 00 12 E0	5	19	5	19
F9 66 22 06 08 00 12 E0	7	24	18	24
FA 66 22 06 08 00 12 E0	6	27	9	27
FC 52 22 06 08 00 12 E0	43	62	43	62
FC 66 22 06 08 00 12 E0	8	8	NA	NA
FD 52 22 06 08 00 12 E0	43	64	63	63
FD 66 22 06 08 00 12 E0	4	31	7	31
FE 52 22 06 08 00 12 E0	42	71	50	71
FE 66 22 06 08 00 12 E0	5	23	5	23
FF 52 22 06 08 00 12 E0	41	69	41	69
FF 66 22 06 08 00 12 E0	5	5	NA	NA
